$ 1 0.000005 10.20027730826997 50 5 43 5e-11
401 -64 -112 32 -112 1 8\s15\s-15\s1000000\s2.5\s2.3600000000000003\s100000 0\s20\s10000000000 1\s0
r -128 -128 -128 -224 0 8000
r -128 -128 -128 -16 0 2000
g -128 -16 -128 0 0 0
w -64 -96 -256 -96 0
r 32 -160 32 -112 0 1000
f 304 112 304 64 41 1.5 1
r 256 64 256 128 0 10000
w 256 128 304 128 0
w 304 112 304 128 0
w 288 64 256 64 0
w 192 -112 32 -112 0
r 496 64 496 160 0 1000
g 496 160 496 176 0 0
w 352 -224 320 -224 0
w 368 -176 368 -160 0
w 320 -160 368 -160 0
r 320 -224 320 -160 0 10000
R -160 -224 -256 -224 0 0 40 11.8 0 0 0.5
f 368 -176 368 -224 41 1.5 1
x 523 69 598 72 4 24 Pin\sVin
w 368 -160 368 -112 0
w -160 -224 -128 -224 0
w -128 -224 320 -224 0
w -64 -128 -128 -128 0
g -256 16 -256 32 0 0
r -256 -96 -256 16 0 10000
r -256 -96 -256 -192 0 10000
R -464 -208 -528 -208 0 0 40 5 0 0 0.5
s 144 -208 144 -128 0 1 false
g 144 0 144 16 0 0
w 144 -80 192 -80 0
r 144 -80 144 0 0 1000
f 336 -96 368 -96 32 1.5 1
g 368 -80 368 -48 0 0
x 562 -154 828 -151 4 24 Vbatt\sconnected\sto\sVin\sif:
x 561 -125 687 -122 4 24 Vbatt\s<\s12V
x 563 -95 666 -92 4 24 \p5V\sis\s5V
x 561 -67 878 -64 4 24 Switch\sset\sto\sArduino\s(closed)
S -400 -192 -464 -192 0 1 false 0 2
g -464 -176 -464 -144 0 0
207 -400 -192 -368 -192 4 Vreg
207 -256 -192 -224 -192 4 Vreg
207 32 -160 64 -160 4 Vreg
207 144 -208 176 -208 4 Vreg
207 256 64 224 64 4 Vreg
150 192 -96 336 -96 0 2 0 5
w 144 -128 144 -80 0
w 192 -80 192 192 0
w 192 192 304 192 0
w 304 192 304 128 0
w 384 -224 496 -224 0
w 496 -224 496 64 0
f 384 112 384 64 33 1.5 1
w 352 64 320 64 0
w 400 64 416 64 0
w 384 112 416 112 0
w 416 64 416 112 0
w 416 64 496 64 0
w 352 64 368 64 0
d -208 -272 -144 -272 2 default
w 304 -32 192 -112 0
w 304 0 192 -80 0
154 304 -16 368 -16 0 2 5 5
I 368 -16 432 -16 0 0.5 5
w 496 0 512 0 0
w 352 576 368 576 0
w 416 576 496 576 0
w 400 576 416 576 0
w 352 576 320 576 0
f 384 624 384 576 33 1.5 1
w 496 288 496 576 0
w 384 288 496 288 0
w 304 688 304 640 0
w 192 704 272 704 0
207 256 576 224 576 4 Vreg
207 32 352 64 352 4 Vreg
207 -256 320 -224 320 4 Vreg
x 561 445 878 448 4 24 Switch\sset\sto\sArduino\s(closed)
x 563 417 666 420 4 24 \p5V\sis\s5V
x 561 387 687 390 4 24 Vbatt\s<\s12V
x 562 358 828 361 4 24 Vbatt\sconnected\sto\sVin\sif:
g 368 496 368 528 0 0
f 336 416 368 416 32 1.5 1
s 368 432 368 496 0 1 false
r -256 416 -256 320 0 10000
r -256 416 -256 528 0 10000
g -256 528 -256 544 0 0
w -64 384 -128 384 0
w -128 288 320 288 0
w -160 288 -128 288 0
w 368 352 368 400 0
x 523 581 598 584 4 24 Pin\sVin
f 368 336 368 288 41 1.5 1
r 320 288 320 352 0 10000
w 320 352 368 352 0
w 368 336 368 352 0
w 352 288 320 288 0
g 496 672 496 688 0 0
r 496 576 496 672 0 1000
w 336 416 32 400 0
w 288 576 256 576 0
w 304 624 304 640 0
w 256 640 304 640 0
r 256 576 256 640 0 10000
f 304 624 304 576 41 1.5 1
r 32 352 32 400 0 1000
w -64 416 -256 416 0
g -128 496 -128 512 0 0
r -128 384 -128 496 0 2000
r -128 384 -128 288 0 8000
401 -64 400 32 400 1 8\s15\s-15\s1000000\s2.5\s2.3600000000000003\s100000 0\s20\s10000000000 1\s0
w -160 -224 -160 288 0
w 192 704 192 432 0
w 192 432 368 432 0
f 272 704 304 704 32 1.5 1
g 304 720 304 752 0 0
w 384 624 416 624 0
r 416 576 416 624 0 1000
38 18 F1 0 0 20 -1 Voltage
